00700005000000000000000088940000000002396710005000000000050331
00700005000000000000000089220000000004582330005000000000096229
00700005000000000000000089620000000003223140005000000000067686
00700005000000000000000089850000000007144620005000000000150037
00600005000000000000000126520000000160448760005000000003369424
00600005000000000000000126530000000211818190005000000004448182
00600005000000000000000126540000000178016520005000000003738347
00600005000000000000000126560000000177685950005000000003731405
00600005000000000000000126570000000168016520005000000003528347
00600005000000000000000126580000000223223140005000000004687686
00600005000000000000000126590000000190991710005000000004010826
00600005000000000000000126610000000215950430005000000004534959
00600005000000000000000126620000000168016520005000000003528347
00600005000000000000000126630000000178016520005000000003738347
00300008000000000000000003880000000002900000005000000000060900
00100008000000000000000068460000000002900000005000000000060900
00100008000000000000000068470000000010900000005000000000228900
00600008000000000000000060790000000001487620005000000000031240
00600008000000000000000060800000000000057860005000000000001215
00600008000000000000000060810000000001115710005000000000023430
00100013000000000000000030270000000002239670005000000000047033
00100013000000000000000030280000000003421480005000000000071851
00600013000000000000000126280000000000330570005000000000006942
00600013000000000000000126290000000001818140005000000000038181
00600013000000000000000126300000000003413240005000000000071678
00600013000000000000000126310000000002512380005000000000052760
00600013000000000000000126320000000003079330005000000000064666
00600013000000000000000126330000000002884290005000000000060570
00600013000000000000000126340000000002884330005000000000060571
00600013000000000000000126350000000002015710005000000000042330
00600013000000000000000126360000000002380140005000000000049983
00600013000000000000000126370000000002842950005000000000059702
00600013000000000000000126380000000003628140005000000000076191
00600013000000000000000126390000000002471050005000000000051892
00600013000000000000000126400000000002297520005000000000048248
00600013000000000000000126410000000002842950005000000000059702
00600013000000000000000126420000000002380140005000000000049983
00600013000000000000000126430000000002008290005000000000042174
00600013000000000000000126440000000002380140005000000000049983
00600013000000000000000126450000000000743810005000000000015620
00600013000000000000000126460000000002809900005000000000059008
00600013000000000000000126470000000002380140005000000000049983
00100002000000000000000001610000000001983480005000000000041653
00100002000000000000000001630000000002917380005000000000061265
00100002000000000000000001640000000003917380005000000000082265
00100002000000000000000001650000000004198330005000000000088165
00600002000000000000000003000000000002142140005000000000044985
00600002000000000000000003010000000001239670005000000000026033
00600002000000000000000003020000000003079330005000000000064666
00600002000000000000000003030000000001818140005000000000038181
00600002000000000000000003040000000001239670005000000000026033
00600002000000000000000003050000000002512380005000000000052760
00600002000000000000000003060000000002239670005000000000047033
00600002000000000000000003070000000000413240005000000000008678
00600002000000000000000003080000000002239670005000000000047033
00600002000000000000000003090000000003115670005000000000065429
00600002000000000000000003100000000002504140005000000000052587
00600002000000000000000003110000000003413190005000000000071677
00600002000000000000000003120000000002239670005000000000047033
00600002000000000000000003130000000002380140005000000000049983
00600002000000000000000003140000000002456190005000000000051580
00600002000000000000000003150000000002504140005000000000052587
00600002000000000000000003170000000002380140005000000000049983
00600002000000000000000003180000000002380140005000000000049983
00600005000000000000000126640000000202562000005000000004253802
00600005000000000000000126650000000168016520005000000003528347
00600005000000000000000126680000000190991710005000000004010826
00100008000000000000000068480000000005785140005000000000121488
00100008000000000000000068490000000005785140005000000000121488
00100008000000000000000068500000000001983480005000000000041653
00100008000000000000000068510000000006719000005000000000141099
00100008000000000000000068520000000005512380005000000000115760
00100008000000000000000068530000000008760330005000000000183967
00600008000000000000000060820000000000165290005000000000003471
00600008000000000000000060830000000000024810005000000000000521
00600008000000000000000060840000000001653000005000000000034713
00600008000000000000000060850000000000652900005000000000013711
00600008000000000000000060860000000001404950005000000000029504
00600008000000000000000060870000000000991760005000000000020827
00600013000000000000000126480000000002842950005000000000059702
00600013000000000000000126490000000003041330005000000000063868
00600002000000000000000003190000000002479330005000000000052066
00600002000000000000000003200000000000330570005000000000006942
00600002000000000000000003210000000001297570005000000000027249
00600002000000000000000003220000000001958670005000000000041132
00600002000000000000000003230000000017107380005000000000359255
00600002000000000000000003240000000002239670005000000000047033
00600002000000000000000003250000000001157000005000000000024297
00600002000000000000000003260000000001239670005000000000026033
00600002000000000000000003270000000002537190005000000000053281
00600002000000000000000003280000000003123950005000000000065603
00600002000000000000000003290000000000991710005000000000020826
00600002000000000000000003300000000002413190005000000000050677
00600002000000000000000003310000000002669380005000000000056057
00600002000000000000000003320000000002380140005000000000049983
00600002000000000000000003340000000002727240005000000000057272
00600002000000000000000003350000000003132240005000000000065777
00600002000000000000000003360000000001351240005000000000028376
00600002000000000000000003370000000002380140005000000000049983
00600002000000000000000003380000000002297520005000000000048248
00600002000000000000000003390000000004925620005000000000103438
00600002000000000000000003400000000006082670005000000000127736
00600002000000000000000003410000000002142140005000000000044985
00600002000000000000000003420000000002752050005000000000057793
00600002000000000000000003430000000000413240005000000000008678
00600005000000000000000126690000000168016520005000000003528347
00600005000000000000000126700000000093388430005000000001961157
00600005000000000000000126710000000111157050005000000002334298
00600005000000000000000126720000000058677670005000000001232231
00600005000000000000000126730000000126446290005000000002655372
00600005000000000000000126750000000181404950005000000003809504
00600005000000000000000126760000000132644620005000000002785537
00600005000000000000000126770000000181404950005000000003809504
00600005000000000000000126780000000181404950005000000003809504
00600005000000000000000126790000000190991710005000000004010826
00600005000000000000000126800000000190991710005000000004010826
00600005000000000000000126810000000190991710005000000004010826
00600005000000000000000126820000000132644620005000000002785537
00600005000000000000000126830000000178016520005000000003738347
00600005000000000000000126840000000168016520005000000003528347
00600005000000000000000126850000000132644620005000000002785537
00600005000000000000000126860000000181404950005000000003809504
00600005000000000000000126870000000190991710005000000004010826
00600005000000000000000126880000000178016520005000000003738347
00300008000000000000000003890000000001404950005000000000029504
00300008000000000000000003900000000003420000005000000000071820
00100008000000000000000068540000000002975190005000000000062479
00100008000000000000000068550000000007768570005000000000163140
00100008000000000000000068560000000002231380005000000000046859
00100008000000000000000068570000000017785140005000000000373488
00100008000000000000000068580000000001062000005000000000022302
00800008000000000000000003240000000000826430005000000000017355
00600008000000000000000060880000000000330430005000000000006939
00600008000000000000000060890000000000206620005000000000004339
00600008000000000000000060900000000000826430005000000000017355
00600008000000000000000060910000000000743810005000000000015620
00600008000000000000000060920000000001652900005000000000034711
00600002000000000000000003440000000004305760005000000000090421
00600002000000000000000003450000000002801620005000000000058834
00600002000000000000000003460000000002561950005000000000053801
00600002000000000000000003470000000001818140005000000000038181
00600002000000000000000003480000000002892520005000000000060743
00600005000000000000000126890000000131404950005000000002759504
00600005000000000000000126900000000204628100005000000004297190
00100008000000000000000068590000000001785140005000000000037488
00100008000000000000000068600000000005000000005000000000105000
00100008000000000000000068610000000007066100005000000000148388
00600008000000000000000060930000000000603290005000000000012669
00600008000000000000000060940000000000743810005000000000015620
00600008000000000000000060950000000001404950005000000000029504
00600008000000000000000060960000000000016520005000000000000347
00600008000000000000000060970000000000652900005000000000013711
00100013000000000000000030290000000002537190005000000000053281
00100013000000000000000030300000000000991710005000000000020826
00100013000000000000000030310000000003070240005000000000064475
00100013000000000000000030320000000003421480005000000000071851
00600013000000000000000126500000000011570190005000000000242974
00600013000000000000000126510000000002314050005000000000048595
00600013000000000000000126520000000002471050005000000000051892
00600013000000000000000126530000000002504140005000000000052587
00600013000000000000000126540000000004876000005000000000102396
00600013000000000000000126550000000002537190005000000000053281
00600013000000000000000126560000000003710710005000000000077925
00600013000000000000000126570000000001487570005000000000031239
00600013000000000000000126580000000002611520005000000000054842
00600013000000000000000126590000000002223950005000000000046703
00600013000000000000000126600000000012396670005000000000260330
00600013000000000000000126610000000003698330005000000000077665
00600013000000000000000126620000000001239670005000000000026033
00600013000000000000000126630000000002558670005000000000053732
00600013000000000000000126640000000006033050005000000000126694
00600013000000000000000126650000000002809900005000000000059008
00600013000000000000000126660000000000702480005000000000014752
00600013000000000000000126670000000002008240005000000000042173
00600013000000000000000126680000000006016520005000000000126347
00600013000000000000000126690000000002297480005000000000048247
00600013000000000000000126700000000001950430005000000000040959
00600005000000000000000126920000000123966950005000000002603306
00600005000000000000000126930000000148760330005000000003123967
00600005000000000000000126940000000209190100005000000004392992
00600005000000000000000126950000000168831430005000000003545460
00600005000000000000000126970000000132644620005000000002785537
00600005000000000000000126980000000190991710005000000004010826
00600005000000000000000126990000000205289240005000000004311074
00600005000000000000000127000000000214710760005000000004508926
00600005000000000000000127010000000190991710005000000004010826
00600005000000000000000127020000000132644620005000000002785537
00600005000000000000000127030000000152066100005000000003193388
00600005000000000000000127040000000066115710005000000001388430
00600005000000000000000127050000000214710760005000000004508926
00600005000000000000000127060000000175206620005000000003679339
00100008000000000000000068620000000007166190005000000000150490
00100008000000000000000068630000000002809900005000000000059008
00100008000000000000000068640000000000909100005000000000019091
00100008000000000000000068650000000009446290005000000000198372
00100008000000000000000068660000000003024810005000000000063521
00100008000000000000000068670000000039090900005000000000820909
00600008000000000000000060980000000002892570005000000000060744
00600008000000000000000060990000000000371900005000000000007810
00600008000000000000000061000000000000190100005000000000003992
00600008000000000000000061010000000000371900005000000000007810
00600008000000000000000061020000000000033050005000000000000694
00600008000000000000000061030000000004545430005000000000095454
00600008000000000000000061040000000000099190005000000000002083
00600008000000000000000061050000000000661140005000000000013884
00100013000000000000000030330000000035041330005000000000735868
00100013000000000000000030340000000003206620005000000000067339
00800013000000000000000005140000000012396670005000000000260330
00800013000000000000000005150000000011570190005000000000242974
00800013000000000000000005160000000025388430005000000000533157
00800013000000000000000005170000000012396670005000000000260330
00800013000000000000000005180000000012396670005000000000260330
00800013000000000000000005190000000025388430005000000000533157
00800013000000000000000005200000000002669380005000000000056057
00600013000000000000000126710000000012396670005000000000260330
00600013000000000000000126720000000012727240005000000000267272
00600013000000000000000126730000000002479330005000000000052066
00600013000000000000000126740000000025388430005000000000533157
00600013000000000000000126750000000012396670005000000000260330
00600013000000000000000126760000000001239670005000000000026033
00600013000000000000000126770000000001818140005000000000038181
00600013000000000000000126780000000002537190005000000000053281
00600013000000000000000126790000000002479330005000000000052066
00600013000000000000000126800000000002479330005000000000052066
00600013000000000000000126810000000001239670005000000000026033
00600013000000000000000126820000000001570240005000000000032975
00600013000000000000000126830000000004049620005000000000085042
00600013000000000000000126840000000002537240005000000000053282
00600013000000000000000126850000000002239670005000000000047033
00600013000000000000000126860000000002727290005000000000057273
00600013000000000000000126870000000001239670005000000000026033
00600013000000000000000126880000000002727240005000000000057272
00600013000000000000000126890000000002537190005000000000053281
00600013000000000000000126900000000000404950005000000000008504
00600013000000000000000126910000000002239670005000000000047033
00600013000000000000000126920000000000660380005000000000013868
00600013000000000000000126930000000002669380005000000000056057
00600013000000000000000126940000000002402430005000000000050451
00600013000000000000000126950000000001570240005000000000032975
00600013000000000000000126960000000002413240005000000000050678
00600013000000000000000126970000000002611520005000000000054842
00600013000000000000000126980000000002537190005000000000053281
00600013000000000000000126990000000002476810005000000000052013
00600013000000000000000127000000000004826430005000000000101355
00600013000000000000000127010000000005272710005000000000110727
00600013000000000000000127020000000002611520005000000000054842
00600013000000000000000127030000000002413240005000000000050678
00600013000000000000000127040000000002537190005000000000053281
00600013000000000000000127050000000001239670005000000000026033
00600013000000000000000127060000000002380140005000000000049983
00600013000000000000000127070000000002471050005000000000051892
00600013000000000000000127080000000002537190005000000000053281
00600013000000000000000127090000000002380190005000000000049984
00600005000000000000000127070000000193016520005000000004053347
00600005000000000000000127080000000213884290005000000004491570
00600005000000000000000127090000000226859520005000000004764050
00600005000000000000000127100000000163636380005000000003436364
00600005000000000000000127110000000177685950005000000003731405
00600005000000000000000127120000000225000000005000000004725000
00600005000000000000000127130000000152314050005000000003198595
00600005000000000000000127140000000190991710005000000004010826
00300008000000000000000003910000000002610480005000000000054820
00300008000000000000000003920000000010724900005000000000225223
00300008000000000000000003930000000010743810005000000000225620
00100008000000000000000068680000000002610480005000000000054820
00100008000000000000000068690000000007165290005000000000150471
00100008000000000000000068700000000004537190005000000000095281
00100008000000000000000068710000000002950430005000000000061959
00100008000000000000000068720000000000404950005000000000008504
00100008000000000000000068730000000001818190005000000000038182
00100008000000000000000068740000000000454520005000000000009545
00100008000000000000000068750000000003388430005000000000071157
00100008000000000000000068760000000001150810005000000000024167
00100008000000000000000068770000000014550620005000000000305563
00100008000000000000000068780000000010743810005000000000225620
00100008000000000000000068790000000003047480005000000000063997
00800008000000000000000003250000000000090900005000000000001909
00600008000000000000000061060000000000090900005000000000001909
00600008000000000000000061070000000000607670005000000000012761
00600008000000000000000061080000000000685950005000000000014405
00600008000000000000000061090000000000826430005000000000017355
00600008000000000000000061100000000000413240005000000000008678
00300013000000000000000001150000000027765520005000000000583076
00100013000000000000000030350000000041297520005000000000867248
00100013000000000000000030360000000051090950005000000001072910
00100013000000000000000030370000000007942140005000000000166785
00100013000000000000000030380000000027765520005000000000583076
00100013000000000000000030390000000002471050005000000000051892
00100013000000000000000030400000000002661140005000000000055884
00100013000000000000000030410000000002925620005000000000061438
00600013000000000000000127100000000001272710005000000000026727
00600013000000000000000127110000000000571620005000000000012004
00600013000000000000000127120000000002842950005000000000059702
00600013000000000000000127130000000002190100005000000000045992
00600013000000000000000127140000000002892570005000000000060744
00600013000000000000000127150000000002142140005000000000044985
00600013000000000000000127160000000002537190005000000000053281
00600013000000000000000127170000000005041290005000000000105867
00600013000000000000000127180000000002239670005000000000047033
00600013000000000000000127190000000002239670005000000000047033
00600013000000000000000127200000000002892570005000000000060744
00600013000000000000000127210000000002652860005000000000055710
00600013000000000000000127220000000001239670005000000000026033
00600013000000000000000127230000000002297520005000000000048248
00600013000000000000000127240000000002662810005000000000055919
00600013000000000000000127250000000002008240005000000000042173
00600013000000000000000127260000000003570190005000000000074974
00600013000000000000000127270000000002471050005000000000051892
00600013000000000000000127280000000002562000005000000000053802
00600005000000000000000127160000000178016520005000000003738347
00100008000000000000000068800000000001950000005000000000040950
00100008000000000000000068810000000001847100005000000000038789
00100008000000000000000068820000000001966950005000000000041306
00100008000000000000000068830000000001173570005000000000024645
00100008000000000000000068840000000017082620005000000000358735
00100008000000000000000068850000000000619050005000000000013000
00100008000000000000000068860000000003206860005000000000067344
00600008000000000000000061110000000002892570005000000000060744
00600008000000000000000061120000000000545520005000000000011456
00600008000000000000000061130000000000165290005000000000003471
00600008000000000000000061140000000001568570005000000000032940
00600008000000000000000061150000000005371900005000000000112810
00100013000000000000000030420000000024867760005000000000522223
00600013000000000000000127290000000002727290005000000000057273
00600013000000000000000127300000000002396670005000000000050330
00600013000000000000000127310000000003024760005000000000063520
00600013000000000000000127320000000002768620005000000000058141
00600013000000000000000127330000000000818190005000000000017182
00600013000000000000000127340000000002223950005000000000046703
00600013000000000000000127350000000003719000005000000000078099
00600013000000000000000127360000000002239670005000000000047033
00600013000000000000000127370000000002818140005000000000059181
00600013000000000000000127380000000003079330005000000000064666
00600013000000000000000127390000000002917760005000000000061273
00600013000000000000000127400000000002380140005000000000049983
00600013000000000000000127410000000002239670005000000000047033
00600013000000000000000127420000000002239670005000000000047033
00600013000000000000000127430000000002239670005000000000047033
00600013000000000000000127440000000003399140005000000000071382
00600013000000000000000127450000000002223950005000000000046703
00600013000000000000000127460000000000206620005000000000004339
00600013000000000000000127470000000002067760005000000000043423
00600013000000000000000127480000000005971100005000000000125393
00600013000000000000000127490000000002537190005000000000053281
00600013000000000000000127500000000003401240005000000000071426
00600013000000000000000127510000000003384760005000000000071080
00600013000000000000000127520000000001983480005000000000041653
00100005000000000000000018290000000190991710005000000004010826
00200005000000000000000023110000000655849620005000000013772842
00200005000000000000000023120000000009727000005000000000204267
00600005000000000000000127170000000115289240005000000002421074
00600005000000000000000127190000000223223140005000000004687686
00600005000000000000000127210000000190991710005000000004010826
00600005000000000000000127220000000204628100005000000004297190
00600005000000000000000127230000000220487620005000000004630240
00600005000000000000000127240000000165371900005000000003472810
00600005000000000000000127250000000188789240005000000003964574
00600005000000000000000127260000000181404950005000000003809504
00600005000000000000000127270000000132644620005000000002785537
00600005000000000000000127280000000061157050005000000001284298
00100008000000000000000068870000000000314050005000000000006595
00100008000000000000000068880000000004132240005000000000086777
00100008000000000000000068890000000009214860005000000000193512
00100008000000000000000068900000000002521480005000000000052951
00100008000000000000000068910000000001140480005000000000023950
00100008000000000000000068920000000015206620005000000000319339
00100008000000000000000068930000000001487620005000000000031240
00100008000000000000000068940000000017421480005000000000365851
00100008000000000000000068950000000002479330005000000000052066
00100008000000000000000068960000000005471050005000000000114892
00100008000000000000000068970000000005884290005000000000123570
00100008000000000000000068980000000001900810005000000000039917
00100008000000000000000068990000000009200000005000000000193200
00100008000000000000000069000000000002048190005000000000043012
00100008000000000000000069010000000000652900005000000000013711
00100008000000000000000069020000000006460290005000000000135666
00100008000000000000000069030000000003247950005000000000068207
00600008000000000000000061160000000000082620005000000000001735
00600008000000000000000061170000000000206620005000000000004339
00600008000000000000000061180000000001235810005000000000025952
00600008000000000000000061190000000000099190005000000000002083
00600008000000000000000061200000000000371900005000000000007810
00600008000000000000000061210000000000330570005000000000006942
00600008000000000000000061220000000000958670005000000000020132
00600008000000000000000061230000000014050480005000000000295060
00600008000000000000000061240000000001471050005000000000030892
00600008000000000000000061250000000000099190005000000000002083
00600008000000000000000061260000000000413190005000000000008677
00100013000000000000000030430000000002763240005000000000058028
00100013000000000000000030440000000008622330005000000000181069
00100013000000000000000030450000000027765520005000000000583076
00100013000000000000000030460000000001440520005000000000030251
00800013000000000000000005210000000004132240005000000000086777
00600013000000000000000127530000000002223140005000000000046686
00600013000000000000000127540000000004500000005000000000094500
00600013000000000000000127550000000000785140005000000000016488
00600013000000000000000127560000000002231380005000000000046859
00600013000000000000000127580000000031039860005000000000651837
00600013000000000000000127590000000005933900005000000000124612
00600013000000000000000127600000000002537190005000000000053281
00600013000000000000000127610000000002930570005000000000061542
00600013000000000000000127620000000002239670005000000000047033
00600013000000000000000127630000000002239670005000000000047033
00600013000000000000000127640000000001900810005000000000039917
00600013000000000000000127650000000003446290005000000000072372
00600013000000000000000127660000000001487620005000000000031240
00600013000000000000000127670000000001975190005000000000041479
00600013000000000000000127680000000003000000005000000000063000
00600013000000000000000127690000000000404950005000000000008504
00600013000000000000000127700000000002537190005000000000053281
00600013000000000000000127710000000002008240005000000000042173
00600013000000000000000127720000000001983480005000000000041653
00600013000000000000000127730000000003070240005000000000064475
00600013000000000000000127740000000002785100005000000000058487
00600013000000000000000127750000000007246710005000000000152181
00600013000000000000000127760000000003256190005000000000068380
00600013000000000000000127770000000002239670005000000000047033
00600013000000000000000127780000000002380140005000000000049983
00600005000000000000000127290000000202479330005000000004252066
00600005000000000000000127300000000217514050005000000004567795
00600005000000000000000127310000000170495860005000000003580413
00600005000000000000000127320000000228512380005000000004798760
00600005000000000000000127330000000190991710005000000004010826
00600005000000000000000127340000000134628100005000000002827190
00600005000000000000000127350000000181404950005000000003809504
00600005000000000000000127360000000154628100005000000003247190
00600005000000000000000127370000000107438000005000000002256198
00600005000000000000000127380000000178016520005000000003738347
00100008000000000000000069040000000010743760005000000000225619
00100008000000000000000069050000000006735520005000000000141446
00100008000000000000000069060000000002975190005000000000062479
00100008000000000000000069070000000000396670005000000000008330
00100008000000000000000069080000000000826430005000000000017355
00100008000000000000000069090000000009562000005000000000200802
00100008000000000000000069100000000007090000005000000000148890
00100008000000000000000069110000000002991710005000000000062826
00100008000000000000000069120000000000289240005000000000006074
00800008000000000000000003260000000014050480005000000000295060
00600008000000000000000061270000000000057860005000000000001215
00600008000000000000000061280000000000826430005000000000017355
00600008000000000000000061290000000014628100005000000000307190
00100013000000000000000030470000000004892570005000000000102744
00100013000000000000000030480000000025393140005000000000533256
00100013000000000000000030490000000002537190005000000000053281
00100013000000000000000030500000000003070240005000000000064475
00800013000000000000000005220000000008070240005000000000169475
00600013000000000000000127790000000002471050005000000000051892
00600013000000000000000127800000000000247950005000000000005207
00600013000000000000000127810000000000330760005000000000006946
00600013000000000000000127820000000000413240005000000000008678
00600013000000000000000127830000000008070330005000000000169477
00600013000000000000000127840000000004132240005000000000086777
00600013000000000000000127850000000002644620005000000000055537
00600013000000000000000127860000000002380140005000000000049983
00600013000000000000000127870000000001198330005000000000025165
00600013000000000000000127880000000002380140005000000000049983
00600013000000000000000127890000000002008240005000000000042173
00600013000000000000000127900000000006074380005000000000127562
00600013000000000000000127910000000003833000005000000000080493
00600013000000000000000127920000000004628140005000000000097191
00600013000000000000000127930000000002768570005000000000058140
00600013000000000000000127940000000001814860005000000000038112
00600013000000000000000127950000000003082620005000000000064735
00600013000000000000000127960000000002008240005000000000042173
00600013000000000000000127970000000001239670005000000000026033
00100005000000000000000018320000000227438000005000000004776198
00200005000000000000000023130000000023655000005000000000496755
00200005000000000000000023140000000266069330005000000005587456
00600005000000000000000127390000000134628100005000000002827190
00600005000000000000000127400000000132644620005000000002785537
00600005000000000000000127410000000154628100005000000003247190
00600005000000000000000127420000000168016520005000000003528347
00600005000000000000000127430000000134628100005000000002827190
00600005000000000000000127440000000206033050005000000004326694
00600005000000000000000127450000000170495860005000000003580413
00600005000000000000000127470000000195000000005000000004095000
00600005000000000000000127480000000209603290005000000004401669
00100008000000000000000069130000000004800000005000000000100800
00100008000000000000000069140000000000920670005000000000019334
00100008000000000000000069150000000001908000005000000000040068
00100008000000000000000069160000000003300000005000000000069300
00100008000000000000000069170000000010909100005000000000229091
00100008000000000000000069180000000001157050005000000000024298
00600008000000000000000061300000000003471050005000000000072892
00600008000000000000000061310000000000132240005000000000002777
00600008000000000000000061320000000001171140005000000000024594
00600008000000000000000061330000000001239670005000000000026033
00100013000000000000000030510000000002471050005000000000051892
00100013000000000000000030520000000002297520005000000000048248
00100013000000000000000030530000000002380140005000000000049983
00100013000000000000000030540000000003115670005000000000065429
00600013000000000000000127980000000003719000005000000000078099
00600013000000000000000127990000000002504140005000000000052587
00600013000000000000000128000000000006264480005000000000131554
00600013000000000000000128010000000001177710005000000000024732
00600013000000000000000128020000000000826430005000000000017355
00600013000000000000000128030000000002380140005000000000049983
00600013000000000000000128040000000001239670005000000000026033
00600013000000000000000128050000000001239670005000000000026033
00600013000000000000000128060000000001652900005000000000034711
00600013000000000000000128070000000003115670005000000000065429
00600013000000000000000128080000000000619810005000000000013016
00600013000000000000000128090000000001570240005000000000032975
00600013000000000000000128100000000002537190005000000000053281
00600013000000000000000128110000000001239670005000000000026033
00600013000000000000000128120000000000413240005000000000008678
00600013000000000000000128130000000002537190005000000000053281
00600013000000000000000128140000000001570240005000000000032975
00600013000000000000000128150000000019008240005000000000399173
00600013000000000000000128160000000002396670005000000000050330
00600013000000000000000128170000000002525670005000000000053039
00600013000000000000000128180000000005719000005000000000120099
00600013000000000000000128190000000002380140005000000000049983
00600013000000000000000128200000000013685950005000000000287405
00600013000000000000000128210000000004214900005000000000088513
00600013000000000000000128220000000001735520005000000000036446
00600013000000000000000128230000000001115710005000000000023430
00600013000000000000000128240000000002223950005000000000046703
00600013000000000000000128250000000002752050005000000000057793
00200005000000000000000023150000000014309100005000000000300491
00600005000000000000000127490000000163223140005000000003427686
00600005000000000000000127500000000181404950005000000003809504
00600005000000000000000127510000000134628100005000000002827190
00600005000000000000000127520000000134628100005000000002827190
00600005000000000000000127530000000209173570005000000004392645
00600005000000000000000127540000000269938810005000000005668715
00600005000000000000000127550000000207685950005000000004361405
00600005000000000000000127560000000226859520005000000004764050
00100008000000000000000069190000000001735480005000000000036445
00100008000000000000000069200000000012200430005000000000256209
00800008000000000000000003270000000012200430005000000000256209
00600008000000000000000061340000000000231380005000000000004859
00600008000000000000000061350000000000041330005000000000000868
00600008000000000000000061360000000000256190005000000000005380
00600008000000000000000061370000000012200430005000000000256209
00600008000000000000000061380000000000115710005000000000002430
00600008000000000000000061390000000000190050005000000000003991
00600008000000000000000061400000000000495860005000000000010413
00600008000000000000000061410000000000198330005000000000004165
00100013000000000000000030550000000003148760005000000000066124
00100013000000000000000030560000000003421480005000000000071851
00600013000000000000000128260000000001239670005000000000026033
00600013000000000000000128270000000005041290005000000000105867
00600013000000000000000128280000000001239670005000000000026033
00600013000000000000000128290000000001570240005000000000032975
00600013000000000000000128300000000010206620005000000000214339
00600013000000000000000128310000000003228100005000000000067790
00600013000000000000000128320000000002537190005000000000053281
00600013000000000000000128330000000002380140005000000000049983
00600013000000000000000128340000000002142140005000000000044985
00600013000000000000000128350000000000371900005000000000007810
00600013000000000000000128360000000002283430005000000000047952
00600013000000000000000128370000000002685950005000000000056405
00600013000000000000000128380000000002542950005000000000053402
00600013000000000000000128390000000001652900005000000000034711
00600013000000000000000128400000000003140480005000000000065950
00600013000000000000000128410000000002239670005000000000047033
00600013000000000000000128420000000002148710005000000000045123
00600013000000000000000128430000000000809900005000000000017008
00600013000000000000000128440000000004471100005000000000093893
00600013000000000000000128450000000005785140005000000000121488
00600013000000000000000128460000000002975190005000000000062479
00100005000000000000000018330000000227909100005000000004786091
00200005000000000000000023170000000024272380005000000000509720
00200005000000000000000023180000000014158000005000000000297318
00200005000000000000000023190000000027856050005000000000584977
00200005000000000000000023200000000005935900005000000000124654
00200005000000000000000023210000000097040430005000000002037849
00200005000000000000000023220000000026707190005000000000560851
00200005000000000000000023230000000013176810005000000000276713
00200005000000000000000023240000000017193520005000000000361064
00200005000000000000000023250000000024449860005000000000513447
00600005000000000000000127570000000228512380005000000004798760
00600005000000000000000127580000000227909100005000000004786091
00600005000000000000000127590000000220454520005000000004629545
00600005000000000000000127610000000211239670005000000004436033
00600005000000000000000127620000000204628100005000000004297190
00600005000000000000000127630000000154628100005000000003247190
00600005000000000000000127640000000180000000005000000003780000
00600005000000000000000127650000000134628100005000000002827190
00600005000000000000000127660000000185214860005000000003889512
00600005000000000000000127670000000205611570005000000004317843
00600005000000000000000127680000000185214860005000000003889512
00600005000000000000000127690000000185214860005000000003889512
00300008000000000000000003940000000000750000005000000000015750
00300008000000000000000003950000000002400100005000000000050402
00100008000000000000000069210000000004958670005000000000104132
00100008000000000000000069220000000001239670005000000000026033
00100008000000000000000069230000000002809900005000000000059008
00100008000000000000000069240000000006380140005000000000133983
00100008000000000000000069250000000002148760005000000000045124
00600008000000000000000061420000000000371900005000000000007810
00600008000000000000000061430000000000334710005000000000007029
00600008000000000000000061440000000001157000005000000000024297
00600008000000000000000061450000000000123950005000000000002603
00600008000000000000000061460000000000082670005000000000001736
00100013000000000000000030570000000036224000005000000000760704
00100013000000000000000030580000000015743810005000000000330620
00100013000000000000000030590000000030525620005000000000641038
00100013000000000000000030600000000001847100005000000000038789
00800013000000000000000005230000000004132240005000000000086777
00600013000000000000000128470000000002380140005000000000049983
00600013000000000000000128480000000000495860005000000000010413
00600013000000000000000128490000000002380140005000000000049983
00600013000000000000000128500000000002314050005000000000048595
00600013000000000000000128510000000000803670005000000000016877
00600013000000000000000128520000000000803760005000000000016879
00600013000000000000000128530000000000803670005000000000016877
00600013000000000000000128540000000000803760005000000000016879
00600013000000000000000128550000000004132240005000000000086777
00600013000000000000000128560000000001454520005000000000030545
00600013000000000000000128570000000002402430005000000000050451
00600013000000000000000128580000000000413240005000000000008678
00600013000000000000000128590000000001611570005000000000033843
00600013000000000000000128600000000002380140005000000000049983
00600013000000000000000128610000000002239670005000000000047033
00600013000000000000000128620000000002256190005000000000047380
00600013000000000000000128630000000001239670005000000000026033
00600013000000000000000128640000000002380140005000000000049983
00600013000000000000000128650000000004925620005000000000103438
00600013000000000000000128660000000002752050005000000000057793
00600013000000000000000128670000000000413190005000000000008677
00600013000000000000000128680000000002239670005000000000047033
00600013000000000000000128690000000002558670005000000000053732
00600013000000000000000128700000000000991710005000000000020826
00600013000000000000000128710000000002008240005000000000042173
00600013000000000000000128720000000002239670005000000000047033
00600013000000000000000128730000000001652860005000000000034710
00600013000000000000000128740000000002471050005000000000051892
00600013000000000000000128750000000002611520005000000000054842
00600013000000000000000128760000000002380140005000000000049983
00600013000000000000000128770000000004801620005000000000100834
00600013000000000000000128780000000003592570005000000000075444
00200005000000000000000023260000000000954000005000000000020034
00600005000000000000000127700000000209603290005000000004401669
00600005000000000000000127720000000203388430005000000004271157
00600005000000000000000127730000000209603290005000000004401669
00600005000000000000000127740000000209603290005000000004401669
00600005000000000000000127750000000185214860005000000003889512
00600005000000000000000127760000000134628100005000000002827190
00600005000000000000000127770000000185214860005000000003889512
00600005000000000000000127780000000206033050005000000004326694
00600005000000000000000127790000000227272710005000000004772727
00600005000000000000000127810000000195000000005000000004095000
00600005000000000000000127820000000178016520005000000003738347
00300008000000000000000003960000000002644620005000000000055537
00300008000000000000000003970000000001685100005000000000035387
00300008000000000000000003980000000000433900005000000000009112
00300008000000000000000003990000000003300000005000000000069300
00100008000000000000000069260000000001074380005000000000022562
00100008000000000000000069270000000002644620005000000000055537
00100008000000000000000069280000000008387860005000000000176145
00100008000000000000000069290000000001157050005000000000024298
00100008000000000000000069300000000000909100005000000000019091
00100008000000000000000069310000000004049570005000000000085041
00100008000000000000000069320000000001243950005000000000026123
00800008000000000000000003280000000000743810005000000000015620
00800008000000000000000003290000000001200000005000000000025200
00600008000000000000000061470000000000743810005000000000015620
00600008000000000000000061480000000001200000005000000000025200
00100013000000000000000030610000000002239670005000000000047033
00100013000000000000000030620000000014869140005000000000312252
00600013000000000000000128790000000002309520005000000000048500
00600013000000000000000128800000000001611570005000000000033843
00600013000000000000000128810000000000371900005000000000007810
00600013000000000000000128820000000000495860005000000000010413
00600013000000000000000128830000000003239670005000000000068033
00600013000000000000000128840000000002198380005000000000046166
00600013000000000000000128850000000002008240005000000000042173
00600013000000000000000128860000000002380140005000000000049983
00600013000000000000000128870000000002380140005000000000049983
00600013000000000000000128880000000002809900005000000000059008
00600013000000000000000128890000000004793380005000000000100661
00600013000000000000000128900000000001223140005000000000025686
00600013000000000000000128910000000003876050005000000000081397
00600013000000000000000128920000000001785140005000000000037488
00600013000000000000000128930000000003880140005000000000081483
00600013000000000000000128940000000003281000005000000000068901
00600013000000000000000128950000000001611570005000000000033843
00600013000000000000000128960000000002930570005000000000061542
00600013000000000000000128970000000002537190005000000000053281
00600013000000000000000128980000000002618190005000000000054982
00600013000000000000000128990000000003421480005000000000071851
00600013000000000000000129000000000002611520005000000000054842
00600013000000000000000129010000000004000050005000000000084001
00600013000000000000000129020000000002677670005000000000056231
00600013000000000000000129030000000002685950005000000000056405
00600013000000000000000129040000000000826430005000000000017355
00600013000000000000000129050000000000760330005000000000015967
00600013000000000000000129060000000003057860005000000000064215
00600005000000000000000127830000000146281000005000000003071901
00600005000000000000000127840000000061157050005000000001284298
00600005000000000000000127850000000204628100005000000004297190
00600005000000000000000127860000000180000000005000000003780000
00600005000000000000000127870000000195000000005000000004095000
00600005000000000000000127880000000209603290005000000004401669
00600005000000000000000127890000000180000000005000000003780000
00600005000000000000000127900000000183876050005000000003861397
00600005000000000000000127910000000215041330005000000004515868
00100008000000000000000069330000000008201570005000000000172233
00100008000000000000000069340000000000433860005000000000009111
00800008000000000000000003300000000000661140005000000000013884
00600008000000000000000061490000000000165290005000000000003471
00600008000000000000000061500000000000090900005000000000001909
00600008000000000000000061510000000000062000005000000000001302
00600008000000000000000061520000000000669430005000000000014058
00600008000000000000000061530000000007438000005000000000156198
00600008000000000000000061540000000000289240005000000000006074
00600008000000000000000061550000000000371900005000000000007810
00600008000000000000000061560000000001983480005000000000041653
00600008000000000000000061570000000000041330005000000000000868
00100013000000000000000030630000000009812570005000000000206064
00100013000000000000000030640000000003198330005000000000067165
00100013000000000000000030650000000002930570005000000000061542
00100013000000000000000030660000000001038190005000000000021802
00100013000000000000000030670000000002537190005000000000053281
00600013000000000000000129070000000001235520005000000000025946
00600013000000000000000129080000000000330620005000000000006943
00600013000000000000000129090000000002231380005000000000046859
00600013000000000000000129100000000000991710005000000000020826
00600013000000000000000129110000000004173570005000000000087645
00600013000000000000000129120000000002471050005000000000051892
00600013000000000000000129130000000002471050005000000000051892
00600013000000000000000129140000000001611570005000000000033843
00600013000000000000000129150000000002804100005000000000058886
00600013000000000000000129160000000007644620005000000000160537
00600013000000000000000129170000000000991710005000000000020826
00600013000000000000000129180000000000413240005000000000008678
00600013000000000000000129190000000004504100005000000000094586
00600013000000000000000129200000000002644620005000000000055537
00600013000000000000000129210000000003801620005000000000079834
00100005000000000000000018340000000269938810005000000005668715
00600005000000000000000127920000000148760330005000000003123967
00600005000000000000000127940000000134628100005000000002827190
00600005000000000000000127950000000209603290005000000004401669
00600005000000000000000127960000000195000000005000000004095000
00600005000000000000000127970000000195000000005000000004095000
00600005000000000000000127980000000134628100005000000002827190
00600005000000000000000127990000000134628100005000000002827190
00600005000000000000000128000000000134628100005000000002827190
00600005000000000000000128010000000185214860005000000003889512
00600005000000000000000128020000000209603290005000000004401669
00600005000000000000000128030000000134628100005000000002827190
00600005000000000000000128040000000220487620005000000004630240
00600005000000000000000128050000000211239670005000000004436033
00600005000000000000000128060000000209603290005000000004401669
00600005000000000000000128070000000166198330005000000003490165
00600005000000000000000128080000000195000000005000000004095000
00600005000000000000000128090000000170495860005000000003580413
00100008000000000000000069350000000002500000005000000000052500
00100008000000000000000069360000000004500000005000000000094500
00100008000000000000000069370000000002300000005000000000048300
00100008000000000000000069380000000006500000005000000000136500
00100008000000000000000069390000000004400000005000000000092400
00100008000000000000000069400000000007600000005000000000159600
00100008000000000000000069410000000007600000005000000000159600
00100008000000000000000069420000000000247950005000000000005207
00100008000000000000000069430000000004214860005000000000088512
00100008000000000000000069440000000007190100005000000000150992
00100008000000000000000069450000000001983480005000000000041653
00100008000000000000000069460000000000462810005000000000009719
00100008000000000000000069470000000003636380005000000000076364
00100008000000000000000069480000000000330570005000000000006942
00100008000000000000000069490000000004363620005000000000091636
00100008000000000000000069500000000004214860005000000000088512
00100008000000000000000069510000000000603290005000000000012669
00100008000000000000000069520000000000537190005000000000011281
00100008000000000000000069530000000000785140005000000000016488
00100008000000000000000069540000000001653710005000000000034728
00100008000000000000000069550000000003107430005000000000065256
00100008000000000000000069560000000004009100005000000000084191
00100008000000000000000069570000000014132240005000000000296777
00100008000000000000000069600000000070247950005000000001475207
00100008000000000000000069610000000008140480005000000000170950
00100008000000000000000069620000000012768570005000000000268140
00100008000000000000000069630000000005256190005000000000110380
00100008000000000000000069640000000011479330005000000000241066
00100008000000000000000069650000000028008240005000000000588173
00100008000000000000000069670000000067090900005000000001408909
00100008000000000000000069680000000002000000005000000000042000
00100008000000000000000069690000000003367760005000000000070723
00800008000000000000000003310000000000371900005000000000007810
00600008000000000000000061580000000003719000005000000000078099
00600008000000000000000061590000000000082670005000000000001736
00600008000000000000000061600000000000371900005000000000007810
00600008000000000000000061610000000000826430005000000000017355
00600008000000000000000061620000000000206620005000000000004339
00100013000000000000000030680000000001818950005000000000038198
00100013000000000000000030690000000003719000005000000000078099
00100013000000000000000030700000000003421480005000000000071851
00600013000000000000000129220000000002603290005000000000054669
00600013000000000000000129230000000002239670005000000000047033
00600013000000000000000129240000000002652860005000000000055710
00600013000000000000000129250000000001239670005000000000026033
00600013000000000000000129260000000002479330005000000000052066
00600013000000000000000129270000000000991710005000000000020826
00600013000000000000000129280000000002380140005000000000049983
00600013000000000000000129290000000002239670005000000000047033
00600013000000000000000129300000000004876000005000000000102396
00600013000000000000000129310000000003123950005000000000065603
00600013000000000000000129320000000002380140005000000000049983
00600013000000000000000129330000000002008240005000000000042173
00600013000000000000000129340000000002008240005000000000042173
00600013000000000000000129350000000001987620005000000000041740
00600013000000000000000129360000000001239670005000000000026033
00600013000000000000000129370000000002239670005000000000047033
00600013000000000000000129380000000000991710005000000000020826
00600013000000000000000129390000000050925620005000000001069438
00600013000000000000000129400000000002029760005000000000042625
00600013000000000000000129410000000001652900005000000000034711
00600013000000000000000129420000000002239670005000000000047033
00600013000000000000000129430000000002314050005000000000048595
00600013000000000000000129440000000002380140005000000000049983
00600013000000000000000129450000000000371900005000000000007810
00600013000000000000000129460000000003115710005000000000065430
00600013000000000000000129470000000000289240005000000000006074
00600005000000000000000128100000000132231430005000000002776860
00600005000000000000000128110000000214958670005000000004514132
00600005000000000000000128120000000195000000005000000004095000
00600005000000000000000128130000000185214860005000000003889512
00600005000000000000000128140000000211239670005000000004436033
00600005000000000000000128150000000154628100005000000003247190
00600005000000000000000128160000000227272710005000000004772727
00600005000000000000000128170000000209603290005000000004401669
00300008000000000000000004000000000008201570005000000000172233
00300008000000000000000004010000000007214000005000000000151494
00100008000000000000000069700000000043639190005000000000916423
00100008000000000000000069710000000001264480005000000000026554
00100008000000000000000069720000000005801670005000000000121835
00100008000000000000000069730000000002892570005000000000060744
00100008000000000000000069740000000030363620005000000000637636
00100008000000000000000069750000000000495860005000000000010413
00600008000000000000000061630000000000644620005000000000013537
00600008000000000000000061640000000000264430005000000000005553
00600008000000000000000061650000000000991710005000000000020826
00600008000000000000000061660000000000661140005000000000013884
00100013000000000000000030710000000002537190005000000000053281
00100013000000000000000030720000000005937380005000000000124685
00100013000000000000000030730000000002450240005000000000051455
00100013000000000000000030740000000014719000005000000000309099
00100013000000000000000030750000000033335570005000000000700047
00100013000000000000000030760000000005291710005000000000111126
00100013000000000000000030770000000010619810005000000000223016
00100013000000000000000030780000000001363620005000000000028636
00100013000000000000000030790000000015173570005000000000318645
00100013000000000000000030800000000003644670005000000000076538
00800013000000000000000005240000000000413240005000000000008678
00600013000000000000000129480000000001264480005000000000026554
00600013000000000000000129490000000004132190005000000000086776
00600013000000000000000129500000000002066100005000000000043388
00600013000000000000000129510000000002239670005000000000047033
00600013000000000000000129520000000002239670005000000000047033
00600013000000000000000129530000000002239670005000000000047033
00600013000000000000000129540000000000760330005000000000015967
00600013000000000000000129550000000002930570005000000000061542
00600013000000000000000129560000000002008240005000000000042173
00600013000000000000000129570000000002297520005000000000048248
00600013000000000000000129580000000002239670005000000000047033
00600013000000000000000129590000000005140480005000000000107950
00600013000000000000000129600000000002380140005000000000049983
00600013000000000000000129610000000003132240005000000000065777
00600013000000000000000129620000000002537190005000000000053281
00600013000000000000000129630000000004801900005000000000100840
00600013000000000000000129640000000001652860005000000000034710
00600013000000000000000129650000000002413240005000000000050678
00600013000000000000000129660000000002588430005000000000054357
00600013000000000000000129670000000002520670005000000000052934
00600013000000000000000129680000000001487620005000000000031240
00600005000000000000000128180000000135537190005000000002846281
00100008000000000000000069760000000002685950005000000000056405
00100008000000000000000069770000000000785140005000000000016488
00100008000000000000000069780000000001487620005000000000031240
00100008000000000000000069790000000000809900005000000000017008
00100008000000000000000069800000000011074380005000000000232562
00100008000000000000000069810000000005206620005000000000109339
00100008000000000000000069820000000004044670005000000000084938
00100008000000000000000069830000000002544000005000000000053424
00600008000000000000000061670000000000813620005000000000017086
00600008000000000000000061680000000000403950005000000000008483
00600008000000000000000061690000000000082670005000000000001736
00600008000000000000000061700000000000413240005000000000008678
00600008000000000000000061710000000000247950005000000000005207
00600008000000000000000061720000000000247950005000000000005207
00600008000000000000000061730000000001735520005000000000036446
00600008000000000000000061740000000000298480005000000000006268
00600008000000000000000061750000000000298140005000000000006261
00600008000000000000000061760000000007792620005000000000163645
00600008000000000000000061770000000000371900005000000000007810
00600008000000000000000061780000000000107430005000000000002256
00300013000000000000000001160000000010619810005000000000223016
00300013000000000000000001170000000003339670005000000000070133
00100013000000000000000030810000000010619810005000000000223016
00100013000000000000000030820000000004421480005000000000092851
00100013000000000000000030830000000003339670005000000000070133
00100013000000000000000030840000000003339670005000000000070133
00800013000000000000000005250000000000165290005000000000003471
00600013000000000000000129690000000006157000005000000000129297
00600013000000000000000129700000000001231380005000000000025859
00600013000000000000000129710000000000619810005000000000013016
00600013000000000000000129720000000001239670005000000000026033
00600013000000000000000129730000000002239670005000000000047033
00600013000000000000000129740000000001487570005000000000031239
00600013000000000000000129750000000002537190005000000000053281
00600013000000000000000129760000000000991710005000000000020826
00600013000000000000000129770000000002380140005000000000049983
00600013000000000000000129780000000002476810005000000000052013
00600013000000000000000129790000000004628050005000000000097189
00600013000000000000000129800000000002833860005000000000059511
00600013000000000000000129810000000001487570005000000000031239
00600013000000000000000129820000000002471050005000000000051892
00600013000000000000000129830000000008026430005000000000168555
00600013000000000000000129840000000002008240005000000000042173
00600013000000000000000129850000000000818190005000000000017182
00600013000000000000000129860000000004958670005000000000104132
00600013000000000000000129870000000002537190005000000000053281
00600013000000000000000129880000000003190100005000000000066992
00600005000000000000000128200000000227272710005000000004772727
00600005000000000000000128210000000179661140005000000003772884
00100008000000000000000069840000000005371900005000000000112810
00100008000000000000000069850000000004424240005000000000092909
00100008000000000000000069860000000000357190005000000000007501
00800008000000000000000003320000000000298140005000000000006261
00800008000000000000000003330000000000221480005000000000004651
00600008000000000000000061790000000000066100005000000000001388
00600008000000000000000061800000000000300000005000000000006300
00600008000000000000000061810000000001090900005000000000022909
00300013000000000000000001180000000006851240005000000000143876
00100013000000000000000030850000000002545480005000000000053455
00100013000000000000000030860000000004291710005000000000090126
00600013000000000000000129890000000002718190005000000000057082
00600013000000000000000129900000000002611520005000000000054842
00600013000000000000000129910000000001421480005000000000029851
00600013000000000000000129920000000001851290005000000000038877
00600013000000000000000129930000000001239670005000000000026033
00600013000000000000000129940000000000991710005000000000020826
00600013000000000000000129950000000003421480005000000000071851
00600013000000000000000129960000000002537190005000000000053281
00600013000000000000000129970000000005107330005000000000107254
00600013000000000000000129980000000002402430005000000000050451
00600013000000000000000129990000000001150430005000000000024159
00600013000000000000000130000000000001892570005000000000039744
00600013000000000000000130010000000003223140005000000000067686
00600013000000000000000130020000000002297520005000000000048248
00600013000000000000000130030000000001487570005000000000031239
00600013000000000000000130040000000004280950005000000000089900
00600013000000000000000130050000000001851240005000000000038876
00600013000000000000000130060000000000743810005000000000015620
00600013000000000000000130070000000002380140005000000000049983
00600013000000000000000130080000000000413190005000000000008677
00600013000000000000000130090000000002611520005000000000054842
00600013000000000000000130100000000001791760005000000000037627
00200005000000000000000023400000000008816140005000000000185139
00600005000000000000000128230000000213876050005000000004491397
00600005000000000000000128240000000225000000005000000004725000
00300008000000000000000004020000000000079380005000000000001667
00100008000000000000000069870000000000330570005000000000006942
00100008000000000000000069880000000001652900005000000000034711
00100008000000000000000069900000000020281000005000000000425901
00100008000000000000000069910000000011016520005000000000231347
00100008000000000000000069920000000006652900005000000000139711
00100008000000000000000069930000000031888430005000000000669657
00100008000000000000000069940000000001570240005000000000032975
00100008000000000000000069950000000001150000005000000000024150
00100008000000000000000069960000000005003000005000000000105063
00100008000000000000000069970000000003595050005000000000075496
00100008000000000000000069980000000011396670005000000000239330
00100008000000000000000069990000000002115710005000000000044430
00600008000000000000000061820000000005537190005000000000116281
00600008000000000000000061830000000000578520005000000000012149
00600008000000000000000061840000000001440000005000000000030240
00600008000000000000000061850000000000314050005000000000006595
00100013000000000000000030870000000002537190005000000000053281
00100013000000000000000030880000000003636330005000000000076363
00800013000000000000000005260000000004727290005000000000099273
00600013000000000000000130110000000002380140005000000000049983
00600013000000000000000130120000000002380140005000000000049983
00600013000000000000000130130000000007000000005000000000147000
00600013000000000000000130140000000004727290005000000000099273
00600013000000000000000130150000000004727290005000000000099273
00600013000000000000000130160000000002380140005000000000049983
00600013000000000000000130170000000002148760005000000000045124
00600013000000000000000130180000000001239670005000000000026033
00600013000000000000000130190000000002148760005000000000045124
00600013000000000000000130200000000001900810005000000000039917
00600013000000000000000130210000000000991710005000000000020826
00600013000000000000000130220000000000991710005000000000020826
00600013000000000000000130230000000007391710005000000000155226
00600013000000000000000130240000000002380140005000000000049983
00600013000000000000000130250000000000743810005000000000015620
00600013000000000000000130260000000004132240005000000000086777
00600013000000000000000130270000000001652900005000000000034711
00600013000000000000000130280000000004090900005000000000085909
00600013000000000000000130290000000002223950005000000000046703
00600013000000000000000130300000000002842950005000000000059702
00600013000000000000000130310000000000371900005000000000007810
00600013000000000000000130320000000002008240005000000000042173
00600013000000000000000130330000000002537190005000000000053281
00600013000000000000000130340000000001807430005000000000037956
00600013000000000000000130350000000001487620005000000000031240
00600013000000000000000130360000000000991710005000000000020826
00600013000000000000000130370000000004090900005000000000085909
00600013000000000000000130380000000002231380005000000000046859
00600013000000000000000130390000000002380140005000000000049983
00600013000000000000000130400000000000413190005000000000008677
00600013000000000000000130410000000002239670005000000000047033
00600005000000000000000126550000000282262480004000000002963756
00600005000000000000000126600000000444343900004000000004665611
00600005000000000000000126660000000355746570004000000003735339
00600005000000000000000126670000000282253430004000000002963661
00100005000000000000000018280000000312570100004000000003281986
00600005000000000000000126740000000362081430004000000003801855
00600005000000000000000126910000000278733050004000000002926697
00600005000000000000000126960000000292488670004000000003071131
00600005000000000000000127150000000361990950004000000003800905
00600005000000000000000127180000000482262480004000000005063756
00600005000000000000000127200000000292488670004000000003071131
00100005000000000000000018300000000293755620004000000003084434
00100005000000000000000018310000000293755620004000000003084434
00600005000000000000000127460000000298009050004000000003129095
00600005000000000000000127600000000362081430004000000003801855
00600005000000000000000127710000000342443430004000000003595656
00600005000000000000000127800000000292488670004000000003071131
00600005000000000000000127930000000283710380004000000002978959
00600005000000000000000128190000000292760190004000000003073982
00600005000000000000000128220000000422162860004000000004432710
00800005000000000000000051990000000243800950004000000002559910
